1 0.599609375 0.55859375 0.6435546875 0.53125 0.6640625 0.49609375 0.65234375 0.4075520833333333 0.63671875 0.3841145833333333 0.634765625 0.3684895833333333 0.6181640625 0.3385416666666667 0.5830078125 0.3463541666666667 0.5634765625 0.3645833333333333 0.5458984375 0.359375 0.5244140625 0.3697916666666667 0.5078125 0.3997395833333333 0.494140625 0.4440104166666667 0.501953125 0.49609375 0.5263671875 0.5390625 0.5654296875 0.5572916666666666
1 0.70703125 0.3971354166666667 0.7314453125 0.3932291666666667 0.7451171875 0.3828125 0.775390625 0.3424479166666667 0.77734375 0.3190104166666667 0.7607421875 0.2864583333333333 0.7421875 0.2747395833333333 0.740234375 0.23828125 0.7314453125 0.22135416666666666 0.7158203125 0.2109375 0.6748046875 0.21354166666666666 0.6572265625 0.22135416666666666 0.6435546875 0.23958333333333334 0.62109375 0.25390625 0.615234375 0.33203125 0.630859375 0.34765625 0.638671875 0.3763020833333333 0.6455078125 0.3828125 0.6845703125 0.3984375
1 0.921875 0.39453125 0.9453125 0.36328125 0.951171875 0.3216145833333333 0.94140625 0.26171875 0.9306640625 0.24739583333333334 0.908203125 0.23828125 0.908203125 0.21484375 0.9033203125 0.20833333333333334 0.8955078125 0.203125 0.8564453125 0.20572916666666666 0.8046875 0.24869791666666666 0.78515625 0.2955729166666667 0.78515625 0.31640625 0.7998046875 0.34375 0.8486328125 0.3515625 0.9111328125 0.3958333333333333
1 0.642578125 0.23046875 0.6767578125 0.2109375 0.7099609375 0.20833333333333334 0.7314453125 0.21614583333333334 0.7587890625 0.20052083333333334 0.765625 0.16796875 0.7578125 0.13671875 0.7412109375 0.11197916666666667 0.7021484375 0.07552083333333333 0.6494140625 0.09114583333333333 0.6318359375 0.10416666666666667 0.62109375 0.11848958333333333 0.609375 0.15234375 0.60546875 0.20182291666666666 0.6201171875 0.22395833333333334
1 0.580078125 0.20963541666666666 0.587890625 0.19401041666666666 0.5791015625 0.1953125 0.5673828125 0.17708333333333334 0.55859375 0.17838541666666666 0.560546875 0.14973958333333334 0.5546875 0.13411458333333334 0.53125 0.08203125 0.5087890625 0.0546875 0.4892578125 0.052083333333333336 0.4775390625 0.0625 0.4658203125 0.052083333333333336 0.4384765625 0.0546875 0.4130859375 0.078125 0.392578125 0.11588541666666667 0.390625 0.17057291666666666 0.400390625 0.18619791666666666 0.3955078125 0.1875 0.3935546875 0.17708333333333334 0.3935546875 0.19010416666666666 0.4287109375 0.19010416666666666 0.4677734375 0.15364583333333334 0.4814453125 0.15104166666666666 0.5146484375 0.15885416666666666 0.5361328125 0.1796875 0.5634765625 0.1875 0.5625 0.19661458333333334 0.5712890625 0.20833333333333334
1 0.49609375 0.3502604166666667 0.5458984375 0.3333333333333333 0.5703125 0.3138020833333333 0.576171875 0.2955729166666667 0.576171875 0.22786458333333334 0.5615234375 0.20052083333333334 0.5283203125 0.17708333333333334 0.5224609375 0.16666666666666666 0.4716796875 0.15364583333333334 0.4462890625 0.17447916666666666 0.43359375 0.19401041666666666 0.42578125 0.21744791666666666 0.421875 0.2799479166666667 0.4296875 0.28515625 0.431640625 0.30859375 0.4404296875 0.328125 0.4716796875 0.3515625
1 0.4609375 0.5169270833333334 0.474609375 0.50390625 0.4765625 0.4830729166666667 0.470703125 0.4674479166666667 0.474609375 0.4388020833333333 0.4921875 0.4231770833333333 0.4921875 0.4075520833333333 0.4609375 0.34765625 0.4326171875 0.328125 0.4091796875 0.2916666666666667 0.3837890625 0.2760416666666667 0.3740234375 0.2864583333333333 0.3408203125 0.2864583333333333 0.302734375 0.3841145833333333 0.30078125 0.4205729166666667 0.30859375 0.4466145833333333 0.3447265625 0.4921875 0.3857421875 0.5052083333333334 0.4208984375 0.5026041666666666 0.4384765625 0.5182291666666666
1 0.27734375 0.6705729166666666 0.3154296875 0.6614583333333334 0.3466796875 0.640625 0.3671875 0.61328125 0.37890625 0.56640625 0.3544921875 0.4973958333333333 0.3408203125 0.4921875 0.3232421875 0.4635416666666667 0.2958984375 0.4583333333333333 0.2841796875 0.4401041666666667 0.2705078125 0.4375 0.2548828125 0.4557291666666667 0.2294921875 0.46875 0.2177734375 0.4869791666666667 0.1865234375 0.5130208333333334 0.177734375 0.5325520833333334 0.171875 0.5690104166666666 0.177734375 0.6158854166666666 0.1962890625 0.6458333333333334 0.2529296875 0.671875
1 0.18359375 0.44921875 0.2021484375 0.4296875 0.2294921875 0.4322916666666667 0.2509765625 0.421875 0.271484375 0.37890625 0.27734375 0.3424479166666667 0.2734375 0.3138020833333333 0.2607421875 0.296875 0.2275390625 0.2682291666666667 0.2080078125 0.2630208333333333 0.1982421875 0.25 0.1767578125 0.2526041666666667 0.1396484375 0.2760416666666667 0.1015625 0.3294270833333333 0.1015625 0.36328125 0.119140625 0.42578125 0.1357421875 0.4401041666666667 0.1650390625 0.4505208333333333
1 0.28125 0.16796875 0.283203125 0.15234375 0.2783203125 0.1484375 0.27734375 0.16536458333333334
1 0.291015625 0.33984375 0.3173828125 0.3229166666666667 0.3408203125 0.2838541666666667 0.3681640625 0.2786458333333333 0.384765625 0.24869791666666666 0.37890625 0.20703125 0.349609375 0.16276041666666666 0.337890625 0.12369791666666667 0.3251953125 0.10677083333333333 0.3056640625 0.11197916666666667 0.2705078125 0.15104166666666666 0.2431640625 0.16145833333333334 0.2109375 0.23828125 0.2138671875 0.2630208333333333 0.2275390625 0.265625 0.2607421875 0.2942708333333333 0.271484375 0.3059895833333333 0.279296875 0.33984375
1 0.572265625 0.76953125 0.5966796875 0.7552083333333334 0.62890625 0.7122395833333334 0.6328125 0.6966145833333334 0.626953125 0.6809895833333334 0.6044921875 0.6484375 0.5859375 0.6341145833333334 0.583984375 0.6106770833333334 0.572265625 0.5846354166666666 0.5322265625 0.546875 0.4951171875 0.5494791666666666 0.4814453125 0.5416666666666666 0.4443359375 0.5390625 0.4375 0.55078125 0.4375 0.5716145833333334 0.416015625 0.59765625 0.40234375 0.63671875 0.3984375 0.65234375 0.40234375 0.7018229166666666 0.4208984375 0.7291666666666666 0.4501953125 0.7552083333333334 0.5029296875 0.7708333333333334
1 0.771484375 0.7434895833333334 0.81640625 0.7252604166666666 0.830078125 0.6940104166666666 0.8359375 0.6315104166666666 0.8359375 0.60546875 0.8203125 0.5559895833333334 0.818359375 0.5169270833333334 0.8095703125 0.5078125 0.7822265625 0.5078125 0.7763671875 0.4973958333333333 0.7666015625 0.4973958333333333 0.7529296875 0.5130208333333334 0.7197265625 0.5182291666666666 0.6787109375 0.5520833333333334 0.662109375 0.5768229166666666 0.6484375 0.6184895833333334 0.6484375 0.66015625 0.642578125 0.6731770833333334 0.6474609375 0.6875 0.6533203125 0.6770833333333334 0.65625 0.69140625 0.6669921875 0.7057291666666666 0.6982421875 0.7265625 0.7392578125 0.7421875
1 0.890625 0.54296875 0.9013671875 0.5364583333333334 0.921875 0.5065104166666666 0.923828125 0.4440104166666667 0.919921875 0.4153645833333333 0.9091796875 0.3958333333333333 0.8603515625 0.359375 0.8212890625 0.34375 0.8076171875 0.3463541666666667 0.7939453125 0.3645833333333333 0.7666015625 0.375 0.748046875 0.39453125 0.734375 0.46484375 0.7470703125 0.5052083333333334 0.7548828125 0.5078125 0.7666015625 0.4947916666666667 0.7763671875 0.4947916666666667 0.7822265625 0.5026041666666666 0.8154296875 0.5026041666666666 0.8369140625 0.5260416666666666 0.8583984375 0.5390625