1 0.59765625 0.9354440789473685 0.646484375 0.8913886278195489 0.6484375 0.8326480263157895 0.625 0.8208999060150376 0.6220703125 0.7900610902255639 0.5712890625 0.7548167293233082 0.5859375 0.7915296052631579 0.5859375 0.8208999060150376 0.578125 0.8238369360902256 0.5859375 0.8502702067669173 0.578125 0.8561442669172933 0.59375 0.8649553571428571 0.5859375 0.8825775375939849 0.59375 0.8884515977443609 0.5712890625 0.8928571428571429 0.576171875 0.9148848684210527 0.568359375 0.9207589285714286 0.5791015625 0.9369125939849624
1 0.365234375 0.9618773496240601 0.5576171875 0.9427866541353384 0.515625 0.9354440789473685 0.515625 0.8385220864661654 0.529296875 0.8267739661654135 0.498046875 0.8179628759398496 0.53125 0.7915296052631579 0.5224609375 0.778312969924812 0.4990234375 0.787124060150376 0.5146484375 0.78125 0.515625 0.7680333646616542 0.49609375 0.7474741541353384 0.52734375 0.7357260338345865 0.4775390625 0.7342575187969925 0.4658203125 0.7136983082706767 0.4404296875 0.7048872180451128 0.3193359375 0.775375939849624 0.2890625 0.8678923872180451 0.302734375 0.9060737781954887 0.296875 0.9471921992481203
1 0.25390625 0.9060737781954887 0.28125 0.8884515977443609 0.30078125 0.8267739661654135 0.30078125 0.7856555451127819 0.2607421875 0.7078242481203008 0.2080078125 0.6549577067669173 0.1650390625 0.6373355263157895 0.1259765625 0.6402725563909775 0.0361328125 0.6667058270676691 0 0.6946076127819549 0.0009765625 0.7430686090225563 0.0302734375 0.7665648496240601 0.0517578125 0.7636278195488722
1 0.296875 0.7533482142857143 0.30078125 0.7210408834586466 0.3212890625 0.7136983082706767 0.333984375 0.6711113721804511 0.310546875 0.6006226503759399 0.2607421875 0.5316024436090225 0.1904296875 0.5051691729323309 0.1669921875 0.5110432330827067 0.0498046875 0.5668468045112782 0.009765625 0.6299929511278195 0.0205078125 0.6696428571428571 0.1533203125 0.6343984962406015 0.1884765625 0.6402725563909775 0.2373046875 0.678453947368421
1 0.341796875 0.6652373120300752 0.37109375 0.6211818609022557 0.369140625 0.5624412593984962 0.361328125 0.5125117481203008 0.3232421875 0.45230263157894735 0.2138671875 0.42586936090225563 0.1650390625 0.44642857142857145 0.14453125 0.47433035714285715 0.1435546875 0.5169172932330827 0.1923828125 0.5051691729323309 0.2666015625 0.5345394736842105 0.3125 0.6035596804511278 0.326171875 0.6534891917293233
1 0.37109375 0.5477561090225563 0.396484375 0.4948895676691729 0.396484375 0.46551926691729323 0.36328125 0.3774083646616541 0.3251953125 0.32894736842105265 0.2958984375 0.30838815789473684 0.2451171875 0.3025140977443609 0.158203125 0.3509750939849624 0.15625 0.4155897556390977 0.1669921875 0.43761748120300753 0.2412109375 0.42293233082706766 0.3212890625 0.44936560150375937 0.3515625 0.49195253759398494
1 0.431640625 0.48607847744360905 0.4697265625 0.47579887218045114 0.517578125 0.3803453947368421 0.4443359375 0.29370300751879697 0.3798828125 0.24671052631578946 0.3310546875 0.24377349624060152 0.275390625 0.2834234022556391 0.2724609375 0.2995770676691729 0.3251953125 0.3260103383458647 0.36328125 0.37447133458646614 0.4033203125 0.4816729323308271
1 0.583984375 0.4948895676691729 0.609375 0.46258223684210525 0.607421875 0.38328242481203006 0.57421875 0.27754934210526316 0.5576171875 0.25552161654135336 0.5205078125 0.24377349624060152 0.4384765625 0.2613956766917293 0.43359375 0.27754934210526316 0.4443359375 0.29370300751879697 0.51953125 0.3803453947368421 0.4921875 0.4420230263157895 0.49609375 0.47433035714285715
1 0.6484375 0.5183858082706767 0.6884765625 0.5081062030075187 0.7119140625 0.48460996240601506 0.728515625 0.43321193609022557 0.724609375 0.33335291353383456 0.6806640625 0.2760808270676692 0.603515625 0.3127937030075188 0.615234375 0.3803453947368421 0.615234375 0.49195253759398494 0.6259765625 0.5139802631578947
1 0.7890625 0.5389450187969925 0.8232421875 0.5051691729323309 0.8681640625 0.4934210526315789 0.892578125 0.42440084586466165 0.888671875 0.39796757518796994 0.8154296875 0.30838815789473684 0.7470703125 0.3142622180451128 0.7265625 0.33628994360902253 0.736328125 0.4214638157894737 0.71484375 0.48607847744360905 0.6953125 0.5007636278195489 0.7041015625 0.5404135338345865
1 0.93359375 0.6505521616541353 0.970703125 0.6035596804511278 0.966796875 0.5536301691729323 0.9345703125 0.4787359022556391 0.8427734375 0.4992951127819549 0.79296875 0.5418820488721805 0.8876953125 0.5874060150375939
1 0.369140625 0.9618773496240601 0.6123046875 0.9339755639097744 0.6484375 0.8884515977443609 0.646484375 0.8150258458646616 0.6337890625 0.7929981203007519 0.5576171875 0.7371945488721805 0.4755859375 0.7313204887218046 0.4560546875 0.7048872180451128 0.3662109375 0.7401315789473685 0.3125 0.7827185150375939 0.287109375 0.879640507518797 0.30078125 0.9090108082706767 0.2998046875 0.9545347744360902