1 0.234375 0.23409423828125 0.251953125 0.19068603515625 0.251953125 0.14107666015625 0.23828125 0.08216552734375 0.2060546875 0.0279052734375 0.2001953125 0.0248046875 0.1962890625 0.0403076171875 0.1884765625 0.031005859375 0.1943359375 0.018603515625 0.1474609375 0.01240234375 0.140625 0.04805908203125 0.150390625 0.04495849609375 0.1494140625 0.0217041015625 0.158203125 0.02945556640625 0.15234375 0.07286376953125 0.1591796875 0.0589111328125 0.1669921875 0.06201171875 0.16015625 0.06976318359375 0.16796875 0.08836669921875 0.16015625 0.10697021484375 0.17578125 0.10697021484375 0.1708984375 0.16123046875 0.1875 0.13177490234375 0.1796875 0.12247314453125 0.1796875 0.09766845703125 0.171875 0.09766845703125 0.1728515625 0.049609375 0.18359375 0.05115966796875 0.1767578125 0.06201171875 0.19921875 0.06356201171875 0.1962890625 0.080615234375 0.1943359375 0.068212890625 0.18359375 0.07906494140625 0.203125 0.09146728515625 0.189453125 0.10697021484375 0.1962890625 0.13642578125 0.2060546875 0.1333251953125 0.2119140625 0.1457275390625 0.2138671875 0.1271240234375 0.2275390625 0.1457275390625 0.232421875 0.11627197265625 0.23828125 0.11937255859375 0.234375 0.15657958984375 0.2421875 0.16278076171875 0.244140625 0.19378662109375 0.228515625 0.23099365234375
1 0.220703125 0.68057861328125 0.2451171875 0.6728271484375 0.2578125 0.65577392578125 0.2734375 0.57205810546875 0.27734375 0.41392822265625 0.26953125 0.33951416015625 0.2587890625 0.3131591796875 0.25 0.31470947265625 0.248046875 0.34261474609375 0.21875 0.38912353515625 0.169921875 0.51314697265625 0.158203125 0.57205810546875 0.158203125 0.59686279296875 0.177734375 0.64647216796875 0.1923828125 0.6697265625
1 0.42578125 0.34881591796875 0.423828125 0.31470947265625 0.4306640625 0.303857421875 0.4580078125 0.3441650390625 0.474609375 0.32711181640625 0.49609375 0.25579833984375 0.501953125 0.17208251953125 0.509765625 0.15347900390625 0.50390625 0.10076904296875 0.47265625 0.03875732421875 0.4658203125 0 0.4453125 0.00155029296875 0.443359375 0.03875732421875 0.412109375 0.10697021484375 0.39453125 0.22479248046875 0.390625 0.31781005859375 0.4013671875 0.3379638671875
1 0.55078125 0.77049560546875 0.578125 0.73948974609375 0.59765625 0.65887451171875 0.591796875 0.49764404296875 0.572265625 0.43873291015625 0.572265625 0.38602294921875 0.599609375 0.29610595703125 0.6015625 0.22169189453125 0.5703125 0.13177490234375 0.568359375 0.09456787109375 0.5595703125 0.0837158203125 0.5458984375 0.08681640625 0.537109375 0.12247314453125 0.505859375 0.16898193359375 0.5 0.25579833984375 0.47265625 0.33641357421875 0.474609375 0.37052001953125 0.5 0.45113525390625 0.5166015625 0.465087890625 0.537109375 0.46353759765625 0.5078125 0.56275634765625 0.490234375 0.69298095703125 0.5205078125 0.75654296875
1 0.66796875 0.55655517578125 0.6796875 0.54725341796875 0.689453125 0.51624755859375 0.6875 0.40772705078125 0.681640625 0.34571533203125 0.65234375 0.27440185546875 0.662109375 0.24029541015625 0.65234375 0.20618896484375 0.6435546875 0.2015380859375 0.587890625 0.32711181640625 0.576171875 0.39532470703125 0.6015625 0.54415283203125 0.6123046875 0.551904296875 0.619140625 0.52244873046875 0.6357421875 0.50849609375
1 0.552734375 0.77049560546875 0.58203125 0.73328857421875 0.599609375 0.64647216796875 0.59375 0.50694580078125 0.572265625 0.44183349609375 0.5703125 0.39532470703125 0.5556640625 0.378271484375 0.546875 0.38602294921875 0.544921875 0.44183349609375 0.5078125 0.56275634765625 0.48828125 0.66197509765625 0.49609375 0.72088623046875 0.5263671875 0.7658447265625
1 0.451171875 0.67127685546875 0.4833984375 0.651123046875 0.49609375 0.61856689453125 0.50390625 0.50074462890625 0.486328125 0.40772705078125 0.478515625 0.42633056640625 0.48828125 0.42943115234375 0.4892578125 0.4619873046875 0.4677734375 0.4495849609375 0.447265625 0.40772705078125 0.46875 0.40152587890625 0.453125 0.39532470703125 0.4482421875 0.365869140625 0.4599609375 0.3627685546875 0.4765625 0.38912353515625 0.4326171875 0.316259765625 0.421875 0.40462646484375 0.3984375 0.46353759765625 0.384765625 0.60926513671875 0.390625 0.64337158203125 0.3974609375 0.644921875 0.4208984375 0.6046142578125 0.431640625 0.66197509765625
1 0.4140625 0.99373779296875 0.4345703125 0.9921875 0.4599609375 0.9704833984375 0.470703125 0.94722900390625 0.4765625 0.89761962890625 0.470703125 0.81080322265625 0.443359375 0.74569091796875 0.4208984375 0.6108154296875 0.40234375 0.63406982421875 0.376953125 0.75809326171875 0.361328125 0.92862548828125 0.36328125 0.95343017578125 0.3818359375 0.985986328125
1 0.337890625 0.79840087890625 0.375 0.76119384765625 0.388671875 0.64957275390625 0.373046875 0.58135986328125 0.2939453125 0.4433837890625 0.267578125 0.61546630859375 0.275390625 0.74879150390625 0.3056640625 0.7906494140625
1 0.583984375 0.99683837890625 0.58203125 0.88831787109375 0.55859375 0.81080322265625 0.5400390625 0.775146484375 0.4775390625 0.73173828125 0.474609375 0.99683837890625
1 0.646484375 0.91312255859375 0.6669921875 0.899169921875 0.68359375 0.86971435546875 0.701171875 0.80150146484375 0.703125 0.73948974609375 0.6875 0.63406982421875 0.6484375 0.52554931640625 0.6337890625 0.5115966796875 0.6171875 0.53795166015625 0.62109375 0.60616455078125 0.591796875 0.71468505859375 0.580078125 0.81700439453125 0.6259765625 0.9084716796875
1 0.759765625 0.72088623046875 0.7783203125 0.70693359375 0.798828125 0.65887451171875 0.798828125 0.56275634765625 0.748046875 0.41702880859375 0.7177734375 0.3813720703125 0.6865234375 0.365869140625 0.697265625 0.43873291015625 0.69140625 0.64957275390625 0.7060546875 0.700732421875
1 0.353515625 0.49144287109375 0.3759765625 0.477490234375 0.396484375 0.43563232421875 0.390625 0.26820068359375 0.3828125 0.24029541015625 0.341796875 0.17518310546875 0.3212890625 0.1147216796875 0.283203125 0.25579833984375 0.283203125 0.39532470703125 0.291015625 0.43253173828125 0.3212890625 0.4867919921875